root
512
1
-1
-1
-1
-1
-1
ll_list.xsm
434
3
-1
-1
-1
-1
-1
div0.xsm
166
3
-1
-1
-1
-1
-1
odd.xsm
146
3
-1
-1
-1
-1
-1
gcd.xsm
404
3
-1
-1
-1
-1
-1
fives.xsm
182
3
-1
-1
-1
-1
-1
primes.xsm
382
3
-1
-1
-1
-1
-1
even.xsm
146
3
-1
-1
-1
-1
-1
fork3.xsm
528
3
-1
-1
-1
-1
-1
pid.xsm
132
3
-1
-1
-1
-1
-1
fork_3.xsm
186
3
-1
-1
-1
-1
-1
rw.xsm
992
3
-1
-1
-1
-1
-1
parent.xsm
282
3
-1
-1
-1
-1
-1
child.xsm
330
3
-1
-1
-1
-1
-1
merge_s.xsm
1152
3
-1
-1
-1
-1
-1
merge_c.xsm
1932
3
-1
-1
-1
-1
-1
mrge_c.xsm
1152
3
-1
-1
-1
-1
-1
merge.xsm
1932
3
-1
-1
-1
-1
-1
create.xsm
240
3
-1
-1
-1
-1
-1
hello.dat
0
2
root
0
-1
-1
-1
todel.dat
0
2
root
1
-1
-1
-1
delete.xsm
224
3
-1
-1
-1
-1
-1
-1
-1
-1
-1
-1
-1
-1
-1
perm1.dat
0
2
root
1
-1
-1
-1
-1
0
-1
-1
-1
-1
-1
-1
-1
0
-1
-1
-1
-1
-1
-1
-1
0
-1
-1
-1
-1
-1
-1
-1
0
-1
-1
-1
-1
-1
-1
-1
0
-1
-1
-1
-1
-1
-1
-1
0
-1
-1
-1
-1
-1
-1
-1
0
-1
-1
-1
-1
-1
-1
-1
0
-1
-1
-1
-1
-1
-1
-1
0
-1
-1
-1
-1
-1
-1
-1
0
-1
-1
-1
-1
-1
-1
-1
0
-1
-1
-1
-1
-1
-1
-1
0
-1
-1
-1
-1
-1
-1
-1
0
-1
-1
-1
-1
-1
-1
-1
0
-1
-1
-1
-1
-1
-1
-1
0
-1
-1
-1
-1
-1
-1
-1
0
-1
-1
-1
-1
-1
-1
-1
0
-1
-1
-1
-1
-1
-1
-1
0
-1
-1
-1
-1
-1
-1
-1
0
-1
-1
-1
-1
-1
-1
-1
0
-1
-1
-1
-1
-1
-1
-1
0
-1
-1
-1
-1
-1
-1
-1
0
-1
-1
-1
-1
-1
-1
-1
0
-1
-1
-1
-1
-1
-1
-1
0
-1
-1
-1
-1
-1
-1
-1
0
-1
-1
-1
-1
-1
-1
-1
0
-1
-1
-1
-1
-1
-1
-1
0
-1
-1
-1
-1
-1
-1
-1
0
-1
-1
-1
-1
-1
-1
-1
0
-1
-1
-1
-1
-1
-1
-1
0
-1
-1
-1
-1
-1
-1
-1
0
-1
-1
-1
-1
-1
-1
-1
0
-1
-1
-1
-1
-1
-1
-1
0
-1
-1
-1
-1
-1
-1
-1
0
-1
-1
-1
-1
-1
-1
-1
0
-1
-1
-1
-1
-1
-1
-1
0
-1
-1
-1
-1
-1
-1
-1
0
-1
-1
-1
-1
-1
-1
-1
0
-1
-1
-1
-1
-1
-1
-1
0
-1
-1
-1
-1
-1
-1
-1
0
-1
-1
-1
-1
-1
-1
